5 5 1 4
# Map file for 5x5x1 cell.
0 0 0 0 1
0 0 0 1 2
0 0 0 2 3
0 0 0 3 4
1 0 0 0 5
1 0 0 1 6
1 0 0 2 7
1 0 0 3 8
2 0 0 0 9
2 0 0 1 10
2 0 0 2 11
2 0 0 3 12
3 0 0 0 13
3 0 0 1 14
3 0 0 2 15
3 0 0 3 16
4 0 0 0 17
4 0 0 1 18
4 0 0 2 19
4 0 0 3 20
0 1 0 0 21
0 1 0 1 22
0 1 0 2 23
0 1 0 3 24
1 1 0 0 25
1 1 0 1 26
1 1 0 2 27
1 1 0 3 28
2 1 0 0 29
2 1 0 1 30
2 1 0 2 31
2 1 0 3 32
3 1 0 0 33
3 1 0 1 34
3 1 0 2 35
3 1 0 3 36
4 1 0 0 37
4 1 0 1 38
4 1 0 2 39
4 1 0 3 40
0 2 0 0 41
0 2 0 1 42
0 2 0 2 43
0 2 0 3 44
1 2 0 0 45
1 2 0 1 46
1 2 0 2 47
1 2 0 3 48
2 2 0 0 49
2 2 0 1 50
2 2 0 2 51
2 2 0 3 52
3 2 0 0 53
3 2 0 1 54
3 2 0 2 55
3 2 0 3 56
4 2 0 0 57
4 2 0 1 58
4 2 0 2 59
4 2 0 3 60
0 3 0 0 61
0 3 0 1 62
0 3 0 2 63
0 3 0 3 64
1 3 0 0 65
1 3 0 1 66
1 3 0 2 67
1 3 0 3 68
2 3 0 0 69
2 3 0 1 70
2 3 0 2 71
2 3 0 3 72
3 3 0 0 73
3 3 0 1 74
3 3 0 2 75
3 3 0 3 76
4 3 0 0 77
4 3 0 1 78
4 3 0 2 79
4 3 0 3 80
0 4 0 0 81
0 4 0 1 82
0 4 0 2 83
0 4 0 3 84
1 4 0 0 85
1 4 0 1 86
1 4 0 2 87
1 4 0 3 88
2 4 0 0 89
2 4 0 1 90
2 4 0 2 91
2 4 0 3 92
3 4 0 0 93
3 4 0 1 94
3 4 0 2 95
3 4 0 3 96
4 4 0 0 97
4 4 0 1 98
4 4 0 2 99
4 4 0 3 100
